100
10
20
0 11 79 29 21 27 61 26 100 92 52 96 67 30 39 69 92 30 9 76 82 80 56 84 100 76 31 87 73 92 56 87 59 46 49 6 17 2 34 26 83 25 19 95 97 45 37 79 93 39 76 57 21 85 47 90 96 95 58 81 39 43 52 41 4 99 54 52 95 32 72 88 4 24 73 89 51 13 22 16 35 33 47 63 51 74 96 36 9 63 12 100 71 7 21 60 27 62 95 73
11 0 36 41 52 45 90 37 44 94 79 83 93 67 75 35 81 43 13 28 36 6 86 70 85 43 29 84 61 40 77 99 67 65 34 34 3 64 97 28 31 66 32 62 1 86 96 64 61 58 29 40 55 33 94 73 69 59 2 90 67 49 14 53 0 29 40 10 70 12 54 28 57 60 38 46 85 43 10 77 9 84 78 71 55 28 14 89 89 68 38 34 98 62 58 52 61 85 4 90
79 36 0 50 7 89 69 99 23 56 77 6 16 89 8 26 10 81 5 5 45 8 79 69 55 11 15 4 1 96 7 33 75 0 85 71 92 0 3 30 20 52 12 87 13 61 21 84 45 27 56 22 52 31 97 14 81 65 95 52 25 60 66 70 50 96 21 57 89 3 65 92 5 91 71 3 23 8 38 12 36 78 74 30 71 7 88 97 51 63 37 65 43 58 52 40 61 25 87 71
29 41 50 0 43 85 3 86 59 37 73 42 57 46 5 89 100 2 48 62 14 61 100 41 45 54 69 80 6 78 95 47 60 26 18 63 12 18 95 68 77 2 66 36 32 94 26 83 97 5 98 40 90 44 59 47 60 43 42 2 72 74 88 66 81 92 28 19 11 67 20 14 29 30 92 92 71 86 20 72 6 27 38 49 6 1 38 47 40 74 2 79 37 83 40 75 11 34 77 28
21 52 7 43 0 37 18 7 71 4 73 4 33 34 53 94 96 5 80 34 30 61 58 21 89 24 25 26 89 21 17 17 22 54 51 19 97 39 73 90 51 28 44 0 69 1 44 55 56 85 53 33 93 25 24 98 43 27 32 88 13 68 71 60 87 60 52 58 43 29 54 36 49 40 66 94 70 59 57 2 85 3 83 59 51 2 38 79 8 69 48 66 50 29 94 19 40 98 78 21
27 45 89 85 37 0 23 61 93 64 51 48 34 78 38 82 56 98 15 74 81 49 83 100 54 82 47 78 63 58 43 67 44 55 17 0 15 36 28 82 28 57 3 97 48 86 91 71 11 63 16 95 44 27 57 55 52 81 54 0 34 1 21 78 34 69 60 56 0 15 5 81 40 15 12 37 29 4 10 22 91 69 37 80 93 87 68 43 54 56 31 71 100 15 83 66 95 39 20 36
61 90 69 3 18 23 0 30 7 23 60 23 100 95 68 80 64 27 69 92 87 76 73 98 16 57 99 61 75 73 25 49 31 50 18 4 51 93 53 85 64 35 34 20 54 16 16 81 2 85 45 72 27 11 66 43 43 86 64 52 54 63 30 96 9 96 79 2 92 87 56 76 33 95 12 97 39 39 51 20 97 67 97 38 42 36 31 27 4 87 52 39 81 4 52 24 67 54 97 32
26 37 99 86 7 61 30 0 49 2 100 80 28 17 50 45 34 20 92 17 47 67 9 40 6 68 94 41 58 73 39 19 13 60 36 85 71 59 51 74 36 75 81 34 38 59 58 83 90 30 91 74 15 99 35 84 80 25 95 12 20 57 14 81 58 97 14 42 16 41 4 51 84 16 53 40 66 85 92 71 98 96 85 18 91 58 26 22 82 50 39 55 13 19 7 60 69 73 72 82
100 44 23 59 71 93 7 49 0 5 16 15 83 1 62 50 30 39 59 10 18 38 57 93 67 24 68 81 37 65 47 45 80 81 45 83 64 94 23 2 6 44 65 77 76 98 30 47 32 26 4 80 24 68 16 46 47 68 4 99 38 73 43 29 76 79 66 53 26 30 67 52 68 90 22 15 39 13 25 81 31 53 73 64 6 72 25 44 73 28 82 37 83 50 31 87 34 83 97 41
92 94 56 37 4 64 23 2 5 0 2 12 27 47 72 89 47 89 93 19 40 94 14 30 95 33 69 70 52 16 29 88 17 55 13 30 33 55 100 80 35 42 91 77 76 77 60 26 8 36 77 31 82 97 34 1 38 87 6 60 92 19 15 2 49 77 45 21 48 74 90 70 20 27 91 59 79 22 87 24 97 66 39 97 68 82 83 54 32 46 6 4 80 23 81 0 73 86 31 52
52 79 77 73 73 51 60 100 16 2 0 24 8 39 42 82 79 33 5 23 56 60 88 65 61 85 85 41 26 38 84 57 96 11 80 53 32 59 55 30 13 51 36 7 79 36 67 63 3 55 36 10 56 81 8 0 87 12 21 99 71 50 41 100 63 23 31 36 21 84 58 39 55 74 80 15 75 44 37 55 29 62 64 19 72 38 64 65 10 20 57 72 50 62 22 12 56 68 38 40
96 83 6 42 4 48 23 80 15 12 24 0 76 81 15 12 76 8 63 30 85 53 73 26 6 5 55 55 44 3 7 94 75 46 60 73 27 33 3 55 49 6 70 15 18 39 13 6 35 94 70 76 15 45 38 92 20 97 7 22 16 28 73 89 71 37 57 4 76 59 39 63 77 3 39 62 82 4 72 21 91 42 4 51 22 18 10 26 71 90 57 14 99 45 2 89 60 53 55 52
67 93 16 57 33 34 100 28 83 27 8 76 0 50 14 83 27 77 52 19 43 18 57 92 96 52 45 21 85 75 44 36 44 41 19 36 14 76 72 43 92 16 47 21 7 54 52 0 77 49 31 70 9 68 77 17 24 14 1 97 20 14 9 20 56 18 41 7 21 51 66 17 24 21 1 24 80 70 94 14 26 1 41 68 95 19 31 82 1 63 54 24 16 94 4 21 75 88 4 41
30 67 89 46 34 78 95 17 1 47 39 81 50 0 11 0 1 92 1 63 29 94 69 87 62 55 80 63 10 57 96 16 57 73 53 23 6 72 58 71 44 52 33 70 28 93 64 79 69 90 14 31 27 3 87 90 31 11 90 77 67 79 44 9 4 69 21 44 92 88 51 78 8 78 83 46 3 28 15 79 66 33 95 24 61 56 33 50 31 92 35 84 35 9 56 8 76 81 48 52
39 75 8 5 53 38 68 50 62 72 42 15 14 11 0 41 64 84 30 31 80 23 89 79 30 55 0 32 9 24 45 68 31 30 70 91 65 42 58 64 37 42 38 43 98 27 10 67 76 43 88 47 35 54 27 39 55 85 52 55 57 4 26 23 62 35 84 97 11 28 46 88 100 73 47 6 69 67 46 7 66 48 67 14 46 4 49 38 65 67 8 84 68 32 95 41 60 31 3 11
69 35 26 89 94 82 80 45 50 89 82 12 83 0 41 0 66 2 95 10 4 33 73 42 61 33 71 99 11 27 83 66 61 57 56 8 85 60 26 62 18 71 95 85 22 4 28 7 12 89 25 75 99 84 2 93 77 55 65 71 98 17 77 61 52 87 60 64 45 7 43 21 46 90 47 96 14 5 69 68 62 67 34 71 33 51 40 48 60 68 31 3 2 78 37 90 36 34 12 73
92 81 10 100 96 56 64 34 30 47 79 76 27 1 64 66 0 97 34 15 10 30 13 44 47 99 59 61 74 47 98 40 72 67 16 100 11 78 22 99 85 67 61 87 97 77 52 4 38 6 31 94 70 98 14 82 13 37 16 11 10 69 23 83 37 93 20 90 11 48 77 92 2 41 53 52 97 31 84 91 24 51 58 94 85 14 68 94 73 39 99 94 32 28 65 16 24 76 65 42
30 43 81 2 5 98 27 20 39 89 33 8 77 92 84 2 97 0 22 80 80 48 8 79 58 60 46 83 3 26 15 59 83 93 12 69 9 77 19 58 24 13 64 19 22 46 67 90 27 54 21 99 60 94 3 20 40 87 27 70 22 58 77 48 91 23 25 54 10 36 77 7 41 58 66 22 36 18 81 34 30 78 64 33 57 80 6 42 4 5 46 70 4 83 94 80 19 58 14 81
9 13 5 48 80 15 69 92 59 93 5 63 52 1 30 95 34 22 0 57 46 79 8 50 79 41 29 19 91 96 17 16 12 93 26 35 52 24 54 60 53 59 52 68 10 85 34 97 49 34 19 92 37 81 35 94 20 28 78 80 3 39 100 100 61 30 35 37 6 78 73 98 13 20 50 25 100 68 50 69 73 60 54 70 34 71 25 1 39 17 4 41 12 1 5 71 81 3 38 73
76 28 5 62 34 74 92 17 10 19 23 30 19 63 31 10 15 80 57 0 85 15 8 94 88 1 50 15 70 15 76 45 6 80 72 20 12 73 34 17 63 20 7 3 37 76 27 18 54 18 12 90 32 39 10 49 25 39 13 18 92 92 64 25 12 97 9 66 32 41 95 43 64 92 8 28 44 84 77 44 94 57 75 42 17 53 57 57 66 0 44 97 38 88 20 68 82 8 39 96
82 36 45 14 30 81 87 47 18 40 56 85 43 29 80 4 10 80 46 85 0 62 77 67 9 78 7 22 61 34 52 82 27 14 68 58 24 24 87 20 4 72 1 75 3 58 16 50 35 11 64 38 49 48 87 20 67 94 26 21 53 6 48 11 82 10 99 8 5 87 86 68 22 90 74 22 58 0 88 39 57 73 13 15 69 78 7 30 29 72 2 93 41 12 11 27 45 42 51 52
80 6 8 61 61 49 76 67 38 94 60 53 18 94 23 33 30 48 79 15 62 0 34 97 6 73 4 26 23 29 17 19 87 87 87 93 89 27 31 15 60 30 34 0 11 3 81 69 89 70 8 61 28 80 87 39 33 17 3 71 73 27 78 59 52 39 11 37 59 56 95 86 74 73 3 39 3 82 43 16 13 4 93 74 25 53 4 76 88 7 2 51 86 93 68 50 29 15 89 4
56 86 79 100 58 83 73 9 57 14 88 73 57 69 89 73 13 8 8 8 77 34 0 22 31 91 14 10 3 54 87 28 24 53 95 88 24 60 9 13 66 34 80 83 75 20 94 30 88 64 76 53 73 46 31 53 84 86 95 46 44 9 24 86 48 52 36 100 96 13 99 65 48 47 15 39 28 30 69 21 10 31 50 15 17 8 93 33 86 28 0 28 46 72 17 71 80 71 82 61
84 70 69 41 21 100 98 40 93 30 65 26 92 87 79 42 44 79 50 94 67 97 22 0 26 3 99 10 39 80 55 66 82 64 87 98 60 55 56 4 57 79 39 8 22 52 49 18 8 72 53 37 83 86 52 7 28 100 60 15 18 30 61 61 16 69 63 29 76 56 73 52 74 86 95 13 46 29 58 98 13 55 95 28 5 20 77 82 64 79 89 97 4 61 26 69 79 85 24 37
100 85 55 45 89 54 16 6 67 95 61 6 96 62 30 61 47 58 79 88 9 6 31 26 0 58 44 20 28 20 96 79 84 31 44 37 20 1 69 9 94 82 64 78 49 15 67 41 3 83 63 93 14 33 51 63 99 20 2 10 59 24 84 93 17 63 56 90 40 44 98 25 74 42 38 77 16 24 38 53 62 71 69 77 49 69 25 1 63 96 51 87 86 8 8 34 14 92 37 50
76 43 11 54 24 82 57 68 24 33 85 5 52 55 55 33 99 60 41 1 78 73 91 3 58 0 79 73 81 90 13 92 10 1 100 81 69 1 83 80 21 87 46 23 18 19 18 88 82 95 42 100 93 15 37 38 31 61 45 78 21 26 55 57 63 85 10 93 74 28 15 64 28 38 6 59 51 60 20 79 24 6 98 91 72 26 24 12 8 21 16 79 47 94 52 28 41 96 71 100
31 29 15 69 25 47 99 94 68 69 85 55 45 80 0 71 59 46 29 50 7 4 14 99 44 79 0 74 22 54 95 94 76 11 71 64 26 9 88 40 43 89 17 4 15 75 51 99 75 13 72 9 41 40 87 36 35 17 1 78 26 22 33 6 89 52 40 36 53 60 25 84 15 49 24 71 36 92 88 40 2 12 5 10 1 83 27 27 35 35 36 50 48 59 14 41 46 40 17 38
87 84 4 80 26 78 61 41 81 70 41 55 21 63 32 99 61 83 19 15 22 26 10 10 20 73 74 0 69 45 20 76 41 29 5 33 81 64 72 60 0 8 26 4 61 68 21 47 26 23 74 80 23 60 50 58 45 45 32 97 80 88 61 97 9 31 99 100 13 49 71 51 29 87 50 80 22 17 94 34 66 52 50 40 6 67 33 91 10 76 55 8 87 57 24 96 93 27 0 80
73 61 1 6 89 63 75 58 37 52 26 44 85 10 9 11 74 3 91 70 61 23 3 39 28 81 22 69 0 1 39 20 44 25 53 44 69 68 5 43 89 21 81 26 5 11 52 63 43 76 63 31 42 95 97 20 92 62 17 49 28 88 25 100 21 83 56 9 7 9 35 41 62 27 95 71 94 9 12 51 22 19 99 88 99 1 84 87 37 78 1 77 12 13 23 100 65 70 94 69
92 40 96 78 21 58 73 73 65 16 38 3 75 57 24 27 47 26 96 15 34 29 54 80 20 90 54 45 1 0 64 80 84 3 0 79 36 97 86 24 54 59 64 37 55 83 16 21 18 7 32 28 10 93 6 39 6 64 4 83 92 99 98 32 32 46 72 73 71 37 47 29 29 37 100 40 49 84 84 98 51 67 88 47 64 90 41 31 25 8 70 84 33 57 5 70 14 95 73 40
56 77 7 95 17 43 25 39 47 29 84 7 44 96 45 83 98 15 17 76 52 17 87 55 96 13 95 20 39 64 0 100 2 17 3 59 43 6 21 41 86 85 23 56 71 85 66 47 64 38 59 82 10 62 10 79 79 7 98 1 3 94 21 93 52 40 7 86 51 59 48 30 97 67 24 45 82 97 58 93 73 60 46 98 40 12 86 46 10 82 0 92 4 27 65 8 38 62 49 67
87 99 33 47 17 67 49 19 45 88 57 94 36 16 68 66 40 59 16 45 82 19 28 66 79 92 94 76 20 80 100 0 83 63 39 42 52 89 13 64 20 50 21 24 23 56 29 71 96 88 50 90 33 98 40 93 40 78 78 49 26 12 65 81 89 90 24 22 100 6 2 5 55 0 7 90 45 39 47 14 43 50 42 20 62 50 35 14 55 52 38 33 17 59 77 42 38 18 43 83
59 67 75 60 22 44 31 13 80 17 96 75 44 57 31 61 72 83 12 6 27 87 24 82 84 10 76 41 44 84 2 83 0 11 65 45 62 9 97 88 100 92 8 69 17 48 89 20 46 5 37 31 15 3 59 87 6 39 46 6 12 43 57 31 83 61 75 75 71 66 97 94 90 71 55 74 9 59 34 45 52 28 39 55 3 91 86 30 20 55 50 24 90 90 27 6 15 13 13 76
46 65 0 26 54 55 50 60 81 55 11 46 41 73 30 57 67 93 93 80 14 87 53 64 31 1 11 29 25 3 17 63 11 0 38 96 59 39 96 71 68 66 9 18 83 56 54 65 19 42 1 96 83 48 42 23 4 31 7 45 33 87 50 93 29 20 83 29 19 44 37 27 74 20 64 88 9 52 58 39 39 49 13 71 66 47 63 37 64 30 71 78 65 57 15 99 22 94 96 76
49 34 85 18 51 17 18 36 45 13 80 60 19 53 70 56 16 12 26 72 68 87 95 87 44 100 71 5 53 0 3 39 65 38 0 86 58 2 84 82 89 65 25 71 48 85 62 12 44 8 22 45 80 88 28 92 89 54 73 14 75 35 5 83 97 46 56 52 87 12 5 59 97 53 22 23 0 0 2 86 96 28 65 20 20 11 66 74 21 53 60 99 40 7 19 68 55 98 98 59
6 34 71 63 19 0 4 85 83 30 53 73 36 23 91 8 100 69 35 20 58 93 88 98 37 81 64 33 44 79 59 42 45 96 86 0 74 98 85 58 3 23 29 94 50 100 17 67 90 36 37 53 22 29 75 69 29 85 17 40 35 68 76 70 21 69 48 4 53 39 43 51 95 70 92 79 63 90 9 39 43 38 2 28 48 23 75 68 65 41 46 9 31 4 76 55 98 2 68 72
17 3 92 12 97 15 51 71 64 33 32 27 14 6 65 85 11 9 52 12 24 89 24 60 20 69 26 81 69 36 43 52 62 59 58 74 0 36 98 67 98 68 50 36 33 27 92 81 80 66 92 19 78 22 71 56 70 71 50 96 98 1 72 92 41 100 85 75 97 76 31 95 57 38 39 17 96 80 85 28 40 37 25 95 84 88 20 76 7 83 20 48 14 32 62 72 14 33 25 79
2 64 0 18 39 36 93 59 94 55 59 33 76 72 42 60 78 77 24 73 24 27 60 55 1 1 9 64 68 97 6 89 9 39 2 98 36 0 83 43 30 40 47 5 31 21 97 28 0 100 41 98 72 38 33 71 84 58 0 26 79 86 89 93 21 69 24 53 13 89 85 86 37 46 7 90 19 31 51 60 69 38 28 85 16 2 50 69 68 63 76 19 78 88 74 100 82 0 95 58
34 97 3 95 73 28 53 51 23 100 55 3 72 58 58 26 22 19 54 34 87 31 9 56 69 83 88 72 5 86 21 13 97 96 84 85 98 83 0 19 12 96 83 31 50 77 62 0 26 35 100 20 33 77 68 14 42 56 34 33 26 32 2 66 33 36 17 43 56 54 91 31 10 27 48 61 72 82 88 0 30 67 80 95 8 67 93 100 35 16 12 99 23 66 32 15 58 96 52 40
26 28 30 68 90 82 85 74 2 80 30 55 43 71 64 62 99 58 60 17 20 15 13 4 9 80 40 60 43 24 41 64 88 71 82 58 67 43 19 0 11 67 26 12 93 3 75 36 43 1 98 66 85 62 57 48 90 28 71 61 67 87 83 59 12 25 66 8 33 44 45 87 34 58 33 31 27 62 48 69 36 50 79 24 100 65 58 73 92 91 65 16 99 84 51 15 20 28 43 79
83 31 20 77 51 28 64 36 6 35 13 49 92 44 37 18 85 24 53 63 4 60 66 57 94 21 43 0 89 54 86 20 100 68 89 3 98 30 12 11 0 17 30 85 47 62 83 28 97 14 20 27 61 98 79 7 57 57 73 59 57 84 10 30 82 30 0 100 14 79 40 57 60 17 70 43 14 79 45 15 51 45 67 67 27 93 88 46 88 43 87 48 97 91 37 2 9 4 93 84
25 66 52 2 28 57 35 75 44 42 51 6 16 52 42 71 67 13 59 20 72 30 34 79 82 87 89 8 21 59 85 50 92 66 65 23 68 40 96 67 17 0 80 83 81 57 3 17 17 26 0 94 90 13 20 23 52 31 86 63 94 92 43 89 66 10 50 76 44 72 40 13 89 71 93 66 30 2 96 21 14 89 44 52 75 96 100 58 34 2 91 58 8 92 26 3 61 21 24 14
19 32 12 66 44 3 34 81 65 91 36 70 47 33 38 95 61 64 52 7 1 34 80 39 64 46 17 26 81 64 23 21 8 9 25 29 50 47 83 26 30 80 0 5 51 0 13 100 3 81 95 32 56 90 71 79 61 86 45 1 69 62 91 7 81 0 63 0 23 97 57 18 13 99 70 68 47 18 53 99 73 1 91 38 80 41 98 79 18 59 39 5 22 36 94 91 31 58 48 38
95 62 87 36 0 97 20 34 77 77 7 15 21 70 43 85 87 19 68 3 75 0 83 8 78 23 4 4 26 37 56 24 69 18 71 94 36 5 31 12 85 83 5 0 58 52 71 56 77 75 91 60 59 18 20 4 5 48 74 20 49 86 6 20 96 92 39 93 85 59 65 84 83 92 10 92 40 35 69 31 0 71 48 82 56 94 15 26 73 29 23 24 30 8 53 11 43 60 21 29
97 1 13 32 69 48 54 38 76 76 79 18 7 28 98 22 97 22 10 37 3 11 75 22 49 18 15 61 5 55 71 23 17 83 48 50 33 31 50 93 47 81 51 58 0 99 66 60 77 73 98 5 90 81 57 87 28 92 30 51 12 67 18 57 24 55 21 18 45 68 38 60 52 92 11 79 26 29 45 11 88 58 97 97 70 82 44 25 96 4 71 93 20 35 87 25 91 82 43 53
45 86 61 94 1 86 16 59 98 77 36 39 54 93 27 4 77 46 85 76 58 3 20 52 15 19 75 68 11 83 85 56 48 56 85 100 27 21 77 3 62 57 0 52 99 0 5 9 51 99 74 23 85 25 66 17 65 51 78 15 78 32 40 26 37 46 98 15 23 88 72 49 44 15 93 47 75 51 56 18 100 1 80 90 94 6 61 56 98 97 5 45 41 20 45 10 45 47 61 83
37 96 21 26 44 91 16 58 30 60 67 13 52 64 10 28 52 67 34 27 16 81 94 49 67 18 51 21 52 16 66 29 89 54 62 17 92 97 62 75 83 3 13 71 66 5 0 36 69 36 43 75 5 54 15 28 99 22 3 86 59 41 4 78 73 28 69 0 43 22 99 7 100 28 1 24 3 57 23 62 50 50 73 99 9 71 35 8 68 78 74 72 8 84 68 81 91 98 76 67
79 64 84 83 55 71 81 83 47 26 63 6 0 79 67 7 4 90 97 18 50 69 30 18 41 88 99 47 63 21 47 71 20 65 12 67 81 28 0 36 28 17 100 56 60 9 36 0 68 20 22 77 60 31 34 91 35 43 30 92 82 40 86 70 84 38 32 97 17 75 81 67 86 95 6 97 25 61 57 44 32 100 18 8 20 24 39 11 39 48 8 56 48 66 79 52 6 17 89 85
93 61 45 97 56 11 2 90 32 8 3 35 77 69 76 12 38 27 49 54 35 89 88 8 3 82 75 26 43 18 64 96 46 19 44 90 80 0 26 43 97 17 3 77 77 51 69 68 0 57 58 47 25 93 99 60 1 40 90 13 4 4 32 83 64 91 11 4 5 16 18 94 100 74 84 4 84 24 38 53 51 29 11 62 16 28 88 88 22 79 40 53 26 73 18 23 38 52 16 1
39 58 27 5 85 63 85 30 26 36 55 94 49 90 43 89 6 54 34 18 11 70 64 72 83 95 13 23 76 7 38 88 5 42 8 36 66 100 35 1 14 26 81 75 73 99 36 20 57 0 72 0 8 66 89 95 13 20 76 39 38 40 37 82 85 4 47 36 35 71 15 73 33 91 85 9 37 25 54 45 25 94 33 77 92 69 94 11 99 77 15 74 40 87 46 5 65 40 80 17
76 29 56 98 53 16 45 91 4 77 36 70 31 14 88 25 31 21 19 12 64 8 76 53 63 42 72 74 63 32 59 50 37 1 22 37 92 41 100 98 20 0 95 91 98 74 43 22 58 72 0 84 99 63 99 49 64 8 46 93 67 45 38 83 15 37 52 62 2 77 93 41 100 8 30 82 2 64 15 26 9 1 34 49 41 65 73 25 5 75 17 47 64 84 28 34 21 15 40 32
57 40 22 40 33 95 72 74 80 31 10 76 70 31 47 75 94 99 92 90 38 61 53 37 93 100 9 80 31 28 82 90 31 96 45 53 19 98 20 66 27 94 32 60 5 23 75 77 47 0 84 0 36 92 70 71 51 62 16 21 36 56 63 75 2 75 100 96 70 57 94 92 10 94 63 41 41 14 8 90 39 61 22 52 54 98 83 38 18 34 46 32 25 12 74 69 48 14 36 73
21 55 52 90 93 44 27 15 24 82 56 15 9 27 35 99 70 60 37 32 49 28 73 83 14 93 41 23 42 10 10 33 15 83 80 22 78 72 33 85 61 90 56 59 90 85 5 60 25 8 99 36 0 86 93 93 15 6 87 25 92 99 25 44 67 50 7 79 73 56 87 13 65 87 95 48 44 30 30 10 95 50 89 92 84 60 32 40 42 26 56 39 81 25 97 100 67 89 43 92
85 33 31 44 25 27 11 99 68 97 81 45 68 3 54 84 98 94 81 39 48 80 46 86 33 15 40 60 95 93 62 98 3 48 88 29 22 38 77 62 98 13 90 18 81 25 54 31 93 66 63 92 86 0 3 42 86 55 72 16 18 63 84 18 23 52 43 95 18 94 42 10 59 42 92 47 69 83 37 63 63 30 76 95 24 1 82 47 91 8 76 51 96 41 72 60 69 46 17 85
47 94 97 59 24 57 66 35 16 34 8 38 77 87 27 2 14 3 35 10 87 87 31 52 51 37 87 50 97 6 10 40 59 42 28 75 71 33 68 57 79 20 71 20 57 66 15 34 99 89 99 70 93 3 0 23 88 83 93 47 95 76 51 47 51 29 52 70 50 1 15 89 19 91 26 72 88 3 67 16 87 53 4 79 78 88 21 56 8 30 82 97 5 68 79 33 41 71 59 36
90 73 14 47 98 55 43 84 46 1 0 92 17 90 39 93 82 20 94 49 20 39 53 7 63 38 36 58 20 39 79 93 87 23 92 69 56 71 14 48 7 23 79 4 87 17 28 91 60 95 49 71 93 42 23 0 99 87 76 60 28 71 95 23 0 67 94 4 9 81 16 67 19 53 25 37 71 3 7 46 68 90 12 34 8 22 69 65 34 37 55 27 34 54 84 16 37 32 65 30
96 69 81 60 43 52 43 80 47 38 87 20 24 31 55 77 13 40 20 25 67 33 84 28 99 31 35 45 92 6 79 40 6 4 89 29 70 84 42 90 57 52 61 5 28 65 99 35 1 13 64 51 15 86 88 99 0 66 77 9 27 24 97 71 87 94 57 25 100 100 14 34 70 4 91 39 39 52 61 60 94 3 35 30 90 78 80 3 72 93 69 79 54 22 83 27 8 37 80 33
95 59 65 43 27 81 86 25 68 87 12 97 14 11 85 55 37 87 28 39 94 17 86 100 20 61 17 45 62 64 7 78 39 31 54 85 71 58 56 28 57 31 86 48 92 51 22 43 40 20 8 62 6 55 83 87 66 0 75 95 0 32 0 25 16 92 27 43 75 70 16 52 85 68 84 74 96 64 55 31 8 65 30 29 78 84 95 98 91 1 34 4 34 83 57 63 32 7 45 85
58 2 95 42 32 54 64 95 4 6 21 7 1 90 52 65 16 27 78 13 26 3 95 60 2 45 1 32 17 4 98 78 46 7 73 17 50 0 34 71 73 86 45 74 30 78 3 30 90 76 46 16 87 72 93 76 77 75 0 15 44 92 46 44 4 28 25 8 89 16 11 72 59 5 70 82 37 66 3 2 71 42 78 78 7 10 56 90 49 29 15 33 47 23 35 92 65 76 93 28
81 90 52 2 88 0 52 12 99 60 99 22 97 77 55 71 11 70 80 18 21 71 46 15 10 78 78 97 49 83 1 49 6 45 14 40 96 26 33 61 59 63 1 20 51 15 86 92 13 39 93 21 25 16 47 60 9 95 15 0 74 2 71 30 53 91 65 29 29 14 39 90 30 59 34 87 90 30 3 90 28 82 76 58 90 4 52 25 13 86 73 35 51 76 52 65 6 62 85 12
39 67 25 72 13 34 54 20 38 92 71 16 20 67 57 98 10 22 3 92 53 73 44 18 59 21 26 80 28 92 3 26 12 33 75 35 98 79 26 67 57 94 69 49 12 78 59 82 4 38 67 36 92 18 95 28 27 0 44 74 0 81 69 50 49 70 32 60 58 93 82 80 81 84 63 45 87 18 27 30 43 85 18 45 44 91 17 67 69 3 14 0 38 55 70 73 86 97 96 28
43 49 60 74 68 1 63 57 73 19 50 28 14 79 4 17 69 58 39 92 6 27 9 30 24 26 22 88 88 99 94 12 43 87 35 68 1 86 32 87 84 92 62 86 67 32 41 40 4 40 45 56 99 63 76 71 24 32 92 2 81 0 59 19 18 0 82 70 47 3 68 68 53 70 9 37 5 86 18 52 2 45 87 0 41 82 49 34 25 4 60 52 15 53 92 87 21 8 38 30
52 14 66 88 71 21 30 14 43 15 41 73 9 44 26 77 23 77 100 64 48 78 24 61 84 55 33 61 25 98 21 65 57 50 5 76 72 89 2 83 10 43 91 6 18 40 4 86 32 37 38 63 25 84 51 95 97 0 46 71 69 59 0 92 67 75 46 40 5 65 100 21 29 59 33 37 20 80 19 45 38 56 57 30 87 23 66 99 29 66 32 38 37 59 39 76 58 83 42 30
41 53 70 66 60 78 96 81 29 2 100 89 20 9 23 61 83 48 100 25 11 59 86 61 93 57 6 97 100 32 93 81 31 93 83 70 92 93 66 59 30 89 7 20 57 26 78 70 83 82 83 75 44 18 47 23 71 25 44 30 50 19 92 0 90 94 66 29 83 48 42 85 65 9 35 54 18 2 98 13 18 62 41 48 37 32 83 34 76 70 49 78 16 87 36 32 92 23 84 62
4 0 50 81 87 34 9 58 76 49 63 71 56 4 62 52 37 91 61 12 82 52 48 16 17 63 89 9 21 32 52 89 83 29 97 21 41 21 33 12 82 66 81 96 24 37 73 84 64 85 15 2 67 23 51 0 87 16 4 53 49 18 67 90 0 25 53 24 88 67 44 43 3 17 23 39 45 40 52 7 6 3 11 28 7 0 48 97 39 85 3 72 73 49 65 91 41 69 86 39
99 29 96 92 60 69 96 97 79 77 23 37 18 69 35 87 93 23 30 97 10 39 52 69 63 85 52 31 83 46 40 90 61 20 46 69 100 69 36 25 30 10 0 92 55 46 28 38 91 4 37 75 50 52 29 67 94 92 28 91 70 0 75 94 25 0 3 56 5 23 26 100 76 68 92 48 7 100 93 63 97 66 2 67 21 46 86 58 28 58 60 29 100 97 65 38 55 94 82 39
54 40 21 28 52 60 79 14 66 45 31 57 41 21 84 60 20 25 35 9 99 11 36 63 56 10 40 99 56 72 7 24 75 83 56 48 85 24 17 66 0 50 63 39 21 98 69 32 11 47 52 100 7 43 52 94 57 27 25 65 32 82 46 66 53 3 0 14 72 99 22 0 95 96 18 100 20 34 67 22 56 11 14 58 51 48 72 57 38 58 55 29 35 47 66 16 44 32 23 43
52 10 57 19 58 56 2 42 53 21 36 4 7 44 97 64 90 54 37 66 8 37 100 29 90 93 36 100 9 73 86 22 75 29 52 4 75 53 43 8 100 76 0 93 18 15 0 97 4 36 62 96 79 95 70 4 25 43 8 29 60 70 40 29 24 56 14 0 46 60 27 44 46 26 74 97 19 28 65 46 91 97 29 72 11 99 15 66 4 46 74 24 86 22 17 45 98 11 89 55
95 70 89 11 43 0 92 16 26 48 21 76 21 92 11 45 11 10 6 32 5 59 96 76 40 74 53 13 7 71 51 100 71 19 87 53 97 13 56 33 14 44 23 85 45 23 43 17 5 35 2 70 73 18 50 9 100 75 89 29 58 47 5 83 88 5 72 46 0 14 22 17 88 3 3 60 84 92 86 22 7 60 17 35 98 14 13 20 46 62 47 16 3 65 36 59 15 43 71 40
32 12 3 67 29 15 87 41 30 74 84 59 51 88 28 7 48 36 78 41 87 56 13 56 44 28 60 49 9 37 59 6 66 44 12 39 76 89 54 44 79 72 97 59 68 88 22 75 16 71 77 57 56 94 1 81 100 70 16 14 93 3 65 48 67 23 99 60 14 0 44 10 62 77 44 7 30 100 77 70 15 44 68 25 49 76 1 83 24 48 99 10 39 22 13 73 37 13 50 94
72 54 65 20 54 5 56 4 67 90 58 39 66 51 46 43 77 77 73 95 86 95 99 73 98 15 25 71 35 47 48 2 97 37 5 43 31 85 91 45 40 40 57 65 38 72 99 81 18 15 93 94 87 42 15 16 14 16 11 39 82 68 100 42 44 26 22 27 22 44 0 73 93 57 66 16 56 73 54 29 1 44 99 4 7 26 45 2 32 25 31 9 29 86 28 98 43 97 60 83
88 28 92 14 36 81 76 51 52 70 39 63 17 78 88 21 92 7 98 43 68 86 65 52 25 64 84 51 41 29 30 5 94 27 59 51 95 86 31 87 57 13 18 84 60 49 7 67 94 73 41 92 13 10 89 67 34 52 72 90 80 68 21 85 43 100 0 44 17 10 73 0 36 68 59 72 22 67 95 91 86 58 20 30 85 22 9 28 96 71 89 80 95 36 73 35 31 91 61 63
4 57 5 29 49 40 33 84 68 20 55 77 24 8 100 46 2 41 13 64 22 74 48 74 74 28 15 29 62 29 97 55 90 74 97 95 57 37 10 34 60 89 13 83 52 44 100 86 100 33 100 10 65 59 19 19 70 85 59 30 81 53 29 65 3 76 95 46 88 62 93 36 0 17 45 45 22 62 11 56 91 98 12 81 39 55 23 61 82 88 28 48 12 17 96 80 17 99 67 79
24 60 91 30 40 15 95 16 90 27 74 3 21 78 73 90 41 58 20 92 90 73 47 86 42 38 49 87 27 37 67 0 71 20 53 70 38 46 27 58 17 71 99 92 92 15 28 95 74 91 8 94 87 42 91 53 4 68 5 59 84 70 59 9 17 68 96 26 3 77 57 68 17 0 8 100 1 83 47 17 60 22 60 96 37 43 38 10 15 30 18 57 21 82 23 42 87 96 48 48
73 38 71 92 66 12 12 53 22 91 80 39 1 83 47 47 53 66 50 8 74 3 15 95 38 6 24 50 95 100 24 7 55 64 22 92 39 7 48 33 70 93 70 10 11 93 1 6 84 85 30 63 95 92 26 25 91 84 70 34 63 9 33 35 23 92 18 74 3 44 66 59 45 8 0 93 40 20 32 89 51 72 76 47 3 50 82 91 89 85 70 1 24 0 64 89 55 65 2 3
89 46 3 92 94 37 97 40 15 59 15 62 24 46 6 96 52 22 25 28 22 39 39 13 77 59 71 80 71 40 45 90 74 88 23 79 17 90 61 31 43 66 68 92 79 47 24 97 4 9 82 41 48 47 72 37 39 74 82 87 45 37 37 54 39 48 100 97 60 7 16 72 45 100 93 0 98 73 58 60 62 33 50 27 25 70 0 98 71 17 16 77 58 32 61 89 43 87 98 64
51 85 23 71 70 29 39 66 39 79 75 82 80 3 69 14 97 36 100 44 58 3 28 46 16 51 36 22 94 49 82 45 9 9 0 63 96 19 72 27 14 30 47 40 26 75 3 25 84 37 2 41 44 69 88 71 39 96 37 90 87 5 20 18 45 7 20 19 84 30 56 22 22 1 40 98 0 23 33 52 35 95 99 50 87 42 14 91 11 23 87 9 89 43 80 42 93 55 6 59
13 43 8 86 59 4 39 85 13 22 44 4 70 28 67 5 31 18 68 84 0 82 30 29 24 60 92 17 9 84 97 39 59 52 0 90 80 31 82 62 79 2 18 35 29 51 57 61 24 25 64 14 30 83 3 3 52 64 66 30 18 86 80 2 40 100 34 28 92 100 73 67 62 83 20 73 23 0 14 68 55 9 3 15 27 15 82 58 3 49 9 33 20 63 31 30 15 17 49 61
22 10 38 20 57 10 51 92 25 87 37 72 94 15 46 69 84 81 50 77 88 43 69 58 38 20 88 94 12 84 58 47 34 58 2 9 85 51 88 48 45 96 53 69 45 56 23 57 38 54 15 8 30 37 67 7 61 55 3 3 27 18 19 98 52 93 67 65 86 77 54 95 11 47 32 58 33 14 0 65 69 96 59 4 46 23 35 6 58 44 31 86 93 38 72 70 26 26 14 94
16 77 12 72 2 22 20 71 81 24 55 21 14 79 7 68 91 34 69 44 39 16 21 98 53 79 40 34 51 98 93 14 45 39 86 39 28 60 0 69 15 21 99 31 11 18 62 44 53 45 26 90 10 63 16 46 60 31 2 90 30 52 45 13 7 63 22 46 22 70 29 91 56 17 89 60 52 68 65 0 78 76 98 73 79 29 28 90 94 0 51 52 82 18 16 54 30 57 15 95
35 9 36 6 85 91 97 98 31 97 29 91 26 66 66 62 24 30 73 94 57 13 10 13 62 24 2 66 22 51 73 43 52 39 96 43 40 69 30 36 51 14 73 0 88 100 50 32 51 25 9 39 95 63 87 68 94 8 71 28 43 2 38 18 6 97 56 91 7 15 1 86 91 60 51 62 35 55 69 78 0 72 10 93 8 0 100 30 7 98 88 96 88 18 45 31 14 63 12 61
33 84 78 27 3 69 67 96 53 66 62 42 1 33 48 67 51 78 60 57 73 4 31 55 71 6 12 52 19 67 60 50 28 49 28 38 37 38 67 50 45 89 1 71 58 1 50 100 29 94 1 61 50 30 53 90 3 65 42 82 85 45 56 62 3 66 11 97 60 44 44 58 98 22 72 33 95 9 96 76 72 0 30 63 42 54 13 78 95 50 57 13 71 83 8 87 23 72 54 92
47 78 74 38 83 37 97 85 73 39 64 4 41 95 67 34 58 64 54 75 13 93 50 95 69 98 5 50 99 88 46 42 39 13 65 2 25 28 80 79 67 44 91 48 97 80 73 18 11 33 34 22 89 76 4 12 35 30 78 76 18 87 57 41 11 2 14 29 17 68 99 20 12 60 76 50 99 3 59 98 10 30 0 96 44 10 39 29 41 71 11 78 21 37 35 51 63 85 48 71
63 71 30 49 59 80 38 18 64 97 19 51 68 24 14 71 94 33 70 42 15 74 15 28 77 91 10 40 88 47 98 20 55 71 20 28 95 85 95 24 67 52 38 82 97 90 99 8 62 77 49 52 92 95 79 34 30 29 78 58 45 0 30 48 28 67 58 72 35 25 4 30 81 96 47 27 50 15 4 73 93 63 96 0 82 26 16 75 72 86 35 51 39 13 93 14 13 18 45 66
51 55 71 6 51 93 42 91 6 68 72 22 95 61 46 33 85 57 34 17 69 25 17 5 49 72 1 6 99 64 40 62 3 66 20 48 84 16 8 100 27 75 80 56 70 94 9 20 16 92 41 54 84 24 78 8 90 78 7 90 44 41 87 37 7 21 51 11 98 49 7 85 39 37 3 25 87 27 46 79 8 42 44 82 0 56 77 15 76 19 69 92 4 16 9 44 4 48 68 0
74 28 7 1 2 87 36 58 72 82 38 18 19 56 4 51 14 80 71 53 78 53 8 20 69 26 83 67 1 90 12 50 91 47 11 23 88 2 67 65 93 96 41 94 82 6 71 24 28 69 65 98 60 1 88 22 78 84 10 4 91 82 23 32 0 46 48 99 14 76 26 22 55 43 50 70 42 15 23 29 0 54 10 26 56 0 81 97 63 23 75 24 58 33 27 100 99 97 75 51
96 14 88 38 38 68 31 26 25 83 64 10 31 33 49 40 68 6 25 57 7 4 93 77 25 24 27 33 84 41 86 35 86 63 66 75 20 50 93 58 88 100 98 15 44 61 35 39 88 94 73 83 32 82 21 69 80 95 56 52 17 49 66 83 48 86 72 15 13 1 45 9 23 38 82 0 14 82 35 28 100 13 39 16 77 81 0 20 11 91 5 94 75 15 0 22 64 42 17 30
36 89 97 47 79 43 27 22 44 54 65 26 82 50 38 48 94 42 1 57 30 76 33 82 1 12 27 91 87 31 46 14 30 37 74 68 76 69 100 73 46 58 79 26 25 56 8 11 88 11 25 38 40 47 56 65 3 98 90 25 67 34 99 34 97 58 57 66 20 83 2 28 61 10 91 98 91 58 6 90 30 78 29 75 15 97 20 0 54 46 36 73 66 53 66 30 15 65 89 77
9 89 51 40 8 54 4 82 73 32 10 71 1 31 65 60 73 4 39 66 29 88 86 64 63 8 35 10 37 25 10 55 20 64 21 65 7 68 35 92 88 34 18 73 96 98 68 39 22 99 5 18 42 91 8 34 72 91 49 13 69 25 29 76 39 28 38 4 46 24 32 96 82 15 89 71 11 3 58 94 7 95 41 72 76 63 11 54 0 70 97 71 75 56 21 3 27 55 96 80
63 68 63 74 69 56 87 50 28 46 20 90 63 92 67 68 39 5 17 0 72 7 28 79 96 21 35 76 78 8 82 52 55 30 53 41 83 63 16 91 43 2 59 29 4 97 78 48 79 77 75 34 26 8 30 37 93 1 29 86 3 4 66 70 85 58 58 46 62 48 25 71 88 30 85 17 23 49 44 0 98 50 71 86 19 23 91 46 70 0 78 96 13 12 29 3 20 81 38 30
12 38 37 2 48 31 52 39 82 6 57 57 54 35 8 31 99 46 4 44 2 2 0 89 51 16 36 55 1 70 0 38 50 71 60 46 20 76 12 65 87 91 39 23 71 5 74 8 40 15 17 46 56 76 82 55 69 34 15 73 14 60 32 49 3 60 55 74 47 99 31 89 28 18 70 16 87 9 31 51 88 57 11 35 69 75 5 36 97 78 0 28 62 33 61 43 99 0 11 21
100 34 65 79 66 71 39 55 37 4 72 14 24 84 84 3 94 70 41 97 93 51 28 97 87 79 50 8 77 84 92 33 24 78 99 9 48 19 99 16 48 58 5 24 93 45 72 56 53 74 47 32 39 51 97 27 79 4 33 35 0 52 38 78 72 29 29 24 16 10 9 80 48 57 1 77 9 33 86 52 96 13 78 51 92 24 94 73 71 96 28 0 81 34 21 36 23 87 94 98
71 98 43 37 50 100 81 13 83 80 50 99 16 35 68 2 32 4 12 38 41 86 46 4 86 47 48 87 12 33 4 17 90 65 40 31 14 78 23 99 97 8 22 30 20 41 8 48 26 40 64 25 81 96 5 34 54 34 47 51 38 15 37 16 73 100 35 86 3 39 29 95 12 21 24 58 89 20 93 82 88 71 21 39 4 58 75 66 75 13 62 81 0 51 7 71 89 51 18 65
7 62 58 83 29 15 4 19 50 23 62 45 94 9 32 78 28 83 1 88 12 93 72 61 8 94 59 57 13 57 27 59 90 57 7 4 32 88 66 84 91 92 36 8 35 20 84 66 73 87 84 12 25 41 68 54 22 83 23 76 55 53 59 87 49 97 47 22 65 22 86 36 17 82 0 32 43 63 38 18 18 83 37 13 16 33 15 53 56 12 33 34 51 0 19 53 58 3 53 96
21 58 52 40 94 83 52 7 31 81 22 2 4 56 95 37 65 94 5 20 11 68 17 26 8 52 14 24 23 5 65 77 27 15 19 76 62 74 32 51 37 26 94 53 87 45 68 79 18 46 28 74 97 72 79 84 83 57 35 52 70 92 39 36 65 65 66 17 36 13 28 73 96 23 64 61 80 31 72 16 45 8 35 93 9 27 0 66 21 29 61 21 7 19 0 28 22 34 54 51
60 52 40 75 19 66 24 60 87 0 12 89 21 8 41 90 16 80 71 68 27 50 71 69 34 28 41 96 100 70 8 42 6 99 68 55 72 100 15 15 2 3 91 11 25 10 81 52 23 5 34 69 100 60 33 16 27 63 92 65 73 87 76 32 91 38 16 45 59 73 98 35 80 42 89 89 42 30 70 54 31 87 51 14 44 100 22 30 3 3 43 36 71 53 28 0 24 40 51 77
27 61 61 11 40 95 67 69 34 73 56 60 75 76 60 36 24 19 81 82 45 29 80 79 14 41 46 93 65 14 38 38 15 22 55 98 14 82 58 20 9 61 31 43 91 45 91 6 38 65 21 48 67 69 41 37 8 32 65 6 86 21 58 92 41 55 44 98 15 37 43 31 17 87 55 43 93 15 26 30 14 23 63 13 4 99 64 15 27 20 99 23 89 58 22 24 0 22 31 49
62 85 25 34 98 39 54 73 83 86 68 53 88 81 31 34 76 58 3 8 42 15 71 85 92 96 40 27 70 95 62 18 13 94 98 2 33 0 96 28 4 21 58 60 82 47 98 17 52 40 15 14 89 46 71 32 37 7 76 62 97 8 83 23 69 94 32 11 43 13 97 91 99 96 65 87 55 17 26 57 63 72 85 18 48 97 42 65 55 81 0 87 51 3 34 40 22 0 45 64
95 4 87 77 78 20 97 72 97 31 38 55 4 48 3 12 65 14 38 39 51 89 82 24 37 71 17 0 94 73 49 43 13 96 98 68 25 95 52 43 93 24 48 21 43 61 76 89 16 80 40 36 43 17 59 65 80 45 93 85 96 38 42 84 86 82 23 89 71 50 60 61 67 48 2 98 6 49 14 15 12 54 48 45 68 75 17 89 96 38 11 94 18 53 54 51 31 45 0 90
73 90 71 28 21 36 32 82 41 52 40 52 41 52 11 73 42 81 73 96 52 4 61 37 50 100 38 80 69 40 67 83 76 76 59 72 79 58 40 79 84 14 38 29 53 83 67 85 1 17 32 73 92 85 36 30 33 85 28 12 28 30 30 62 39 39 43 55 40 94 83 63 79 48 3 64 59 61 94 95 61 92 71 66 0 51 30 77 80 30 21 98 65 96 51 77 49 64 90 0
