100
10
20
4 26 30 71 18 39 15 57 47 59 3 19 54 17 54 28 81 15 0 30 39 74 66 73 38 71 26 19 13 95 61 0 65 61 57 88 31 67 71 10 59 53 90 9 10 46 65 95 46 6 11 20 10 10 8 82 18 53 89 48 85 45 79 85 7 27 31 56 17 50 99 67 85 65 5 60 95 61 8 12 1 51 57 7 52 35 55 88 75 37 11 60 35 74 43 53 51 27 29 63
26 82 42 33 57 15 15 14 9 30 32 92 38 20 38 27 13 86 68 0 28 65 15 22 4 19 39 16 97 71 0 51 6 35 65 37 39 77 19 50 80 18 43 29 81 39 69 45 100 17 17 6 68 8 26 36 9 40 1 44 39 9 65 27 71 72 31 53 80 21 4 46 40 45 28 5 6 29 61 29 91 96 58 65 91 89 7 82 72 94 55 98 21 66 1 46 83 99 44 5
30 42 6 57 85 94 93 73 5 60 96 47 79 96 23 45 89 62 35 97 73 62 47 6 94 48 30 70 51 69 94 49 98 100 67 17 50 88 51 82 18 5 88 12 19 85 56 95 14 81 7 67 78 27 6 59 92 20 56 10 66 1 50 55 49 9 4 1 71 77 94 44 43 97 19 18 60 73 73 37 56 32 40 57 98 2 21 72 66 35 25 53 42 26 98 69 30 8 76 23
71 33 57 2 12 46 1 53 6 20 69 24 44 0 28 4 30 2 15 36 42 66 27 18 19 89 26 5 20 83 88 62 85 54 52 26 64 75 35 21 82 92 74 9 73 69 94 47 65 78 63 21 97 21 42 60 6 70 63 77 52 46 16 59 92 77 64 5 51 44 63 62 1 44 75 19 68 3 20 52 2 68 75 48 39 84 9 13 59 6 93 85 80 57 33 58 61 48 28 68
18 57 85 12 63 81 91 88 22 69 6 18 60 55 16 51 57 80 33 40 80 62 17 0 18 82 87 43 22 97 28 25 85 63 76 27 89 87 78 47 26 9 94 54 23 38 34 19 4 69 21 10 65 70 30 62 57 31 81 42 7 98 57 94 88 32 15 15 14 70 62 76 98 81 83 39 91 78 78 28 26 40 56 39 47 4 83 36 18 2 26 50 31 87 85 58 92 46 22 38
39 15 94 46 81 94 62 51 8 53 52 70 24 4 71 42 14 71 97 90 39 8 82 93 3 88 77 18 43 42 44 12 41 52 31 13 63 46 61 62 2 78 19 85 75 7 34 95 32 53 12 3 0 4 90 83 45 44 58 87 33 56 43 54 38 42 20 2 31 6 11 54 23 17 69 81 80 62 47 8 48 30 8 14 91 14 100 69 9 38 7 29 43 63 72 14 13 87 26 53
15 15 93 1 91 62 89 70 57 69 67 76 51 17 36 100 92 99 35 30 66 68 0 8 19 21 71 81 19 32 74 75 70 87 86 33 28 32 14 57 10 47 57 57 100 65 94 86 1 71 83 65 75 94 34 19 44 90 88 55 61 99 5 66 15 45 5 22 20 34 96 65 57 33 43 38 79 61 14 37 72 78 84 11 6 60 2 21 91 21 38 89 40 53 34 91 0 52 80 26
57 14 73 53 88 51 70 3 88 96 84 77 49 78 47 36 88 46 12 61 24 50 98 98 68 26 79 89 28 75 79 33 32 33 71 72 57 26 91 78 59 71 99 60 35 28 47 13 32 15 78 11 95 99 63 91 91 65 5 2 56 49 62 22 37 54 20 14 49 98 92 94 70 40 18 85 67 80 2 60 44 96 41 59 3 42 51 35 71 39 45 10 40 78 81 4 39 11 3 10
47 9 5 6 22 8 57 88 99 64 8 18 8 35 53 53 67 43 95 96 56 0 81 31 23 80 57 79 96 21 15 75 55 37 38 46 37 28 53 31 58 68 41 86 71 75 64 55 13 12 56 3 61 36 21 57 16 12 78 71 12 25 72 25 63 91 88 81 80 67 0 22 41 91 95 31 57 59 92 55 3 36 25 63 33 17 21 83 7 29 68 53 54 59 76 52 17 66 9 24
59 30 60 20 69 53 69 96 64 80 89 95 95 100 75 38 82 1 57 98 53 97 80 6 55 21 49 80 17 99 68 48 63 42 36 95 88 58 31 3 37 53 90 36 65 87 21 45 81 81 32 72 53 87 65 84 6 13 48 72 14 73 54 30 86 42 88 49 77 57 99 57 61 45 49 66 74 83 26 27 95 80 100 49 20 24 50 56 37 43 80 15 0 1 69 33 26 9 1 86
3 32 96 69 6 52 67 84 8 89 89 2 77 12 83 78 8 89 48 73 72 0 19 28 4 57 49 48 37 43 16 29 42 42 35 79 17 56 82 57 2 17 18 30 30 41 73 33 3 15 61 54 21 84 57 36 85 95 91 51 14 77 100 77 3 29 18 68 15 88 41 35 8 84 38 16 10 42 74 80 25 64 0 58 68 74 97 72 1 19 68 20 69 90 5 84 80 8 58 72
19 92 47 24 18 70 76 77 18 95 2 14 69 16 58 38 73 17 60 88 65 75 17 59 15 75 74 95 98 46 75 55 28 80 32 61 13 92 9 36 2 60 18 69 3 74 92 43 94 4 47 19 65 88 87 34 72 89 89 83 70 88 68 15 51 78 0 43 61 21 50 59 6 20 58 38 32 44 76 89 68 16 9 95 80 6 19 79 11 65 10 59 31 15 75 26 33 46 89 35
54 38 79 44 60 24 51 49 8 95 77 69 85 57 3 33 5 32 82 93 35 20 66 97 86 70 24 90 20 83 98 60 53 70 73 84 1 51 92 3 89 25 57 79 97 69 66 86 6 42 68 31 25 19 61 37 86 97 59 33 61 66 16 1 15 47 62 5 73 11 34 34 49 29 64 57 50 11 21 75 34 33 87 20 37 43 97 29 89 23 72 54 70 92 25 78 52 51 84 43
17 20 96 0 55 4 17 78 35 100 12 16 57 87 72 77 48 75 74 62 88 2 76 0 65 20 91 92 83 84 43 11 13 14 65 18 63 44 48 79 25 15 50 57 10 77 22 45 95 80 77 47 26 23 65 100 15 25 78 49 97 75 90 83 94 70 77 58 67 31 85 51 27 27 32 94 31 31 94 73 69 48 39 19 11 80 96 1 74 15 95 66 23 75 28 74 12 93 35 54
54 38 23 28 16 71 36 47 53 75 83 58 3 72 36 93 44 38 60 24 14 23 40 74 51 88 82 64 65 53 88 30 68 35 8 25 29 38 61 83 94 86 77 100 62 52 42 54 3 71 96 33 80 22 93 31 16 73 46 11 91 20 13 6 96 42 40 15 74 5 27 28 70 36 54 50 83 30 7 48 30 25 21 95 47 31 88 7 13 8 18 84 89 96 8 50 93 30 82 72
28 27 45 4 51 42 100 36 53 38 78 38 33 77 93 32 89 11 15 14 31 30 83 61 91 70 8 91 73 59 45 91 88 84 84 96 27 14 21 10 17 18 32 78 58 21 64 18 36 72 0 60 11 44 63 89 19 94 70 41 64 76 86 11 67 22 77 27 92 64 41 75 25 37 77 4 19 34 40 25 24 39 33 51 81 98 24 24 86 84 61 73 9 17 5 57 50 12 45 71
81 13 89 30 57 14 92 88 67 82 8 73 5 48 44 89 70 9 47 46 88 95 40 64 38 84 57 14 33 18 1 94 57 62 71 45 65 1 96 10 41 52 96 42 88 21 32 6 96 44 49 34 56 40 38 9 30 61 64 26 60 63 1 43 4 39 60 65 86 91 55 69 62 86 92 5 33 64 77 52 70 1 55 53 92 20 7 66 86 3 78 84 37 42 43 0 36 16 44 36
15 86 62 2 80 71 99 46 43 1 89 17 32 75 38 11 9 84 27 35 18 79 40 91 56 5 14 69 95 65 23 69 59 92 52 95 81 28 55 86 9 33 47 68 16 100 56 27 55 30 61 22 98 47 92 81 83 32 73 25 22 84 97 7 70 92 68 0 35 29 45 44 25 43 4 56 83 87 74 26 86 84 30 37 66 4 61 21 18 49 36 74 42 44 73 26 23 62 68 81
0 68 35 15 33 97 35 12 95 57 48 60 82 74 60 15 47 27 49 92 72 2 42 14 4 48 17 96 93 76 27 89 69 35 55 68 23 4 2 69 58 35 85 78 93 36 38 90 1 53 90 95 54 63 62 79 100 14 4 60 0 12 68 88 60 29 44 24 34 99 35 5 56 7 27 77 85 57 28 84 27 72 72 16 50 70 69 43 71 73 33 31 80 30 29 86 42 0 4 24
30 0 97 36 40 90 30 61 96 98 73 88 93 62 24 14 46 35 92 84 77 21 80 97 75 48 100 45 74 24 30 26 31 37 90 18 77 83 75 63 32 4 66 91 35 39 38 57 65 37 65 4 11 50 69 25 47 7 65 62 34 87 43 42 30 27 64 11 0 49 32 72 65 49 28 65 42 54 61 24 30 62 100 33 7 26 47 82 0 10 34 72 22 63 92 3 15 2 46 79
39 28 73 42 80 39 66 24 56 53 72 65 35 88 14 31 88 18 72 77 49 31 43 1 11 40 67 25 73 51 64 64 15 2 93 82 57 51 78 45 42 7 81 47 15 80 98 24 20 6 36 64 36 65 77 66 27 30 88 97 37 52 23 72 85 30 85 32 52 77 59 32 50 68 82 50 43 42 17 73 52 69 83 99 49 82 5 2 10 98 46 1 34 9 68 11 5 57 28 2
74 65 62 66 62 8 68 50 0 97 0 75 20 2 23 30 95 79 2 21 31 44 87 89 4 18 47 60 89 15 78 77 9 27 83 44 2 31 74 16 96 97 23 20 71 38 68 77 97 1 56 31 20 38 36 75 2 48 80 30 80 65 96 6 27 44 88 62 28 79 44 26 80 38 15 19 62 85 38 76 54 44 18 97 77 39 86 67 8 79 31 65 69 55 8 19 26 21 67 91
66 15 47 27 17 82 0 98 81 80 19 17 66 76 40 83 40 40 42 80 43 87 38 72 63 89 67 48 82 9 3 2 83 63 76 51 33 43 5 27 83 24 74 83 19 50 85 49 81 38 97 100 27 76 35 81 72 100 56 45 61 76 63 12 37 28 95 1 47 34 58 83 70 91 74 28 51 83 7 79 41 66 38 20 40 44 2 4 2 59 47 60 18 54 97 83 41 22 5 90
73 22 6 18 0 93 8 98 31 6 28 59 97 0 74 61 64 91 14 97 1 89 72 76 40 0 12 58 73 48 1 64 93 34 31 45 7 79 62 94 60 50 83 65 37 59 13 55 72 94 100 35 7 92 12 20 52 71 13 72 53 88 4 66 90 28 89 15 98 31 28 74 2 78 98 56 54 2 38 4 85 53 68 18 4 25 36 37 40 42 6 33 44 33 78 16 25 84 52 86
38 4 94 19 18 3 19 68 23 55 4 15 86 65 51 91 38 56 4 75 11 4 63 40 54 64 72 8 75 1 29 4 32 0 23 82 78 19 93 54 1 65 47 72 39 0 35 26 26 79 43 56 52 80 50 17 61 54 82 3 89 81 77 19 81 8 54 24 56 63 18 9 18 24 74 48 50 92 87 0 100 30 45 82 43 76 45 83 6 9 9 8 15 95 17 34 24 41 42 93
71 19 48 89 82 88 21 26 80 21 57 75 70 20 88 70 84 5 48 48 40 18 89 0 64 67 77 96 49 66 13 44 10 93 63 68 57 10 88 33 33 22 68 37 11 21 14 24 81 55 1 0 85 64 31 85 90 35 88 0 77 96 3 15 73 46 5 64 50 29 88 50 14 60 17 21 45 65 50 100 52 65 12 60 20 11 44 25 26 55 35 70 5 44 48 18 78 21 0 92
26 39 30 26 87 77 71 79 57 49 49 74 24 91 82 8 57 14 17 100 67 47 67 12 72 77 23 25 11 3 81 96 20 80 78 42 75 58 33 47 54 84 97 83 99 70 29 95 22 67 66 82 22 69 92 79 41 38 32 59 32 67 34 16 51 11 88 10 17 2 49 9 40 60 37 13 44 20 46 24 55 24 16 37 68 44 55 90 27 80 84 46 1 55 33 97 72 82 59 85
19 16 70 5 43 18 81 89 79 80 48 95 90 92 64 91 14 69 96 45 25 60 48 58 8 96 25 31 42 8 96 85 17 12 87 64 94 73 8 79 69 19 46 16 72 54 27 55 86 53 62 25 54 27 62 97 30 17 8 28 24 14 12 86 3 36 96 20 2 31 74 28 54 50 69 32 61 4 52 94 91 47 86 16 26 6 69 54 70 68 42 15 32 100 11 81 29 58 78 50
13 97 51 20 22 43 19 28 96 17 37 98 20 83 65 73 33 95 93 74 73 89 82 73 75 49 11 42 12 1 41 22 30 48 99 70 40 7 1 76 49 44 77 86 91 73 46 77 38 77 13 80 76 36 0 75 23 89 80 80 37 69 43 48 72 35 44 40 96 87 100 43 56 34 32 56 29 76 9 89 24 85 13 36 58 15 26 41 38 51 64 7 36 81 17 32 55 32 63 34
95 71 69 83 97 42 32 75 21 99 43 46 83 84 53 59 18 65 76 24 51 15 9 48 1 66 3 8 1 4 46 99 2 36 13 51 93 32 18 79 37 5 85 37 82 98 84 79 18 68 31 64 93 100 63 42 6 78 62 24 72 93 64 8 63 60 15 24 68 31 27 99 61 63 91 29 68 80 50 40 86 29 54 11 6 18 23 92 51 36 86 83 87 21 78 33 54 9 81 45
61 0 94 88 28 44 74 79 15 68 16 75 98 43 88 45 1 23 27 30 64 78 3 1 29 13 81 96 41 46 91 57 99 46 59 13 52 28 76 49 79 21 24 85 4 76 80 59 31 74 86 24 18 75 95 49 14 32 94 69 11 77 95 55 51 69 9 36 44 40 25 35 25 16 87 89 39 67 93 95 17 78 50 61 91 59 56 94 50 8 100 22 8 1 40 82 72 100 53 49
0 51 49 62 25 12 75 33 75 48 29 55 60 11 30 91 94 69 89 26 64 77 2 64 4 44 96 85 22 99 57 55 5 93 94 11 79 50 71 51 93 44 61 99 39 33 96 13 53 9 78 25 17 0 62 35 78 9 87 39 31 92 21 36 61 20 15 62 24 78 92 79 94 87 22 45 84 42 86 0 92 95 40 28 28 78 85 40 87 91 86 33 51 39 32 27 60 59 96 34
65 6 98 85 85 41 70 32 55 63 42 28 53 13 68 88 57 59 69 31 15 9 83 93 32 10 20 17 30 2 99 5 32 15 31 14 16 32 28 44 13 61 25 98 74 46 71 53 83 60 81 77 92 99 59 53 94 84 18 12 13 48 2 42 94 10 100 47 85 57 72 86 22 9 69 53 71 18 4 52 30 59 16 17 12 50 43 65 2 26 70 68 98 89 58 88 33 4 63 60
61 35 100 54 63 52 87 33 37 42 42 80 70 14 35 84 62 92 35 37 2 27 63 34 0 93 80 12 48 36 46 93 15 15 13 25 26 93 25 52 98 97 55 2 9 38 32 13 74 60 9 58 30 80 36 79 48 60 78 79 3 76 81 53 19 28 19 42 41 4 0 42 24 0 80 31 1 90 49 61 46 52 33 87 21 94 94 36 50 70 86 24 86 51 93 11 62 5 41 97
57 65 67 52 76 31 86 71 38 36 35 32 73 65 8 84 71 52 55 90 93 83 76 31 23 63 78 87 99 13 59 94 31 13 70 20 27 37 35 85 53 10 96 32 25 59 32 72 79 85 81 11 41 8 59 48 27 80 33 11 21 42 76 27 49 53 55 7 87 37 67 87 0 11 23 39 70 2 36 19 48 51 32 98 78 4 93 26 98 60 93 77 18 37 27 61 64 17 94 43
88 37 17 26 27 13 33 72 46 95 79 61 84 18 25 96 45 95 68 18 82 44 51 45 82 68 42 64 70 51 13 11 14 25 20 38 70 96 52 92 12 53 91 30 98 35 87 3 38 48 72 88 88 18 40 80 34 41 85 85 63 70 79 3 16 99 28 93 4 1 7 40 57 36 27 10 80 92 85 61 15 35 53 30 45 20 97 14 25 73 11 12 96 40 19 60 64 58 90 63
31 39 50 64 89 63 28 57 37 88 17 13 1 63 29 27 65 81 23 77 57 2 33 7 78 57 75 94 40 93 52 79 16 26 27 70 77 44 63 39 57 25 27 8 2 10 6 56 48 12 86 50 68 74 3 36 34 24 63 92 46 93 60 44 52 73 79 11 97 45 47 77 59 11 83 59 47 54 47 40 14 49 50 98 75 42 77 58 83 58 25 1 40 53 42 26 94 8 57 27
67 77 88 75 87 46 32 26 28 58 56 92 51 44 38 14 1 28 4 83 51 31 43 79 19 10 58 73 7 32 28 50 32 93 37 96 44 49 45 55 99 55 37 5 95 37 73 66 50 64 14 26 42 9 8 76 73 57 52 83 19 35 20 46 40 90 28 66 96 1 7 97 36 34 5 45 45 52 73 40 51 21 39 18 93 37 45 85 16 51 69 100 66 37 38 53 23 21 14 39
71 19 51 35 78 61 14 91 53 31 82 9 92 48 61 21 96 55 2 75 78 74 5 62 93 88 33 8 1 18 76 71 28 25 35 52 63 45 35 86 47 63 82 58 30 35 11 77 34 62 75 40 20 18 40 74 23 75 98 100 66 98 92 33 70 35 90 14 26 69 23 42 4 22 49 3 44 37 70 82 79 49 38 50 23 76 8 99 18 18 46 91 77 100 29 75 28 25 54 29
10 50 82 21 47 62 57 78 31 3 57 36 3 79 83 10 10 86 69 63 45 16 27 94 54 33 47 79 76 79 49 51 44 52 85 92 39 55 86 81 79 75 29 83 58 65 59 37 44 84 89 50 21 10 39 50 38 36 0 42 19 60 61 23 95 62 79 70 54 87 33 53 54 11 35 0 94 4 47 59 48 18 15 78 91 73 23 83 1 94 100 46 96 22 15 29 74 78 50 24
59 80 18 82 26 2 10 59 58 37 2 2 89 25 94 17 41 9 58 32 42 96 83 60 1 33 54 69 49 37 79 93 13 98 53 12 57 99 47 79 51 68 31 4 53 65 24 2 82 91 13 65 40 14 51 85 34 47 62 66 16 80 97 39 91 7 7 77 0 49 82 86 49 47 73 60 84 42 87 51 34 48 13 74 13 40 78 50 38 31 54 98 72 83 84 21 99 33 46 79
53 18 5 92 9 78 47 71 68 53 17 60 25 15 86 18 52 33 35 4 7 97 24 50 65 22 84 19 44 5 21 44 61 97 10 53 25 55 63 75 68 40 34 58 84 2 82 96 93 58 3 11 74 96 52 9 44 0 91 84 67 42 63 46 86 87 26 30 17 33 60 23 62 0 71 63 64 6 72 66 84 50 4 11 77 18 52 26 12 12 84 52 81 29 41 87 10 52 88 80
90 43 88 74 94 19 57 99 41 90 18 18 57 50 77 32 96 47 85 66 81 23 74 83 47 68 97 46 77 85 24 61 25 55 96 91 27 37 82 29 31 34 38 53 27 100 88 85 54 84 83 17 65 16 55 31 91 15 36 87 61 90 14 9 79 46 79 35 40 75 60 43 84 16 28 28 51 96 66 54 63 84 23 84 68 47 87 64 93 74 45 47 17 36 41 26 32 51 30 15
9 29 12 9 54 85 57 60 86 36 30 69 79 57 100 78 42 68 78 91 47 20 83 65 72 37 83 16 86 37 85 99 98 2 32 30 8 5 58 83 4 58 53 42 3 63 88 43 85 56 98 67 33 51 32 12 27 10 68 9 24 6 94 21 71 31 77 49 16 32 50 72 30 54 24 64 69 71 12 34 16 27 41 74 17 75 38 71 8 70 67 45 15 17 41 61 36 89 89 67
10 81 19 73 23 75 100 35 71 65 30 3 97 10 62 58 88 16 93 35 15 71 19 37 39 11 99 72 91 82 4 39 74 9 25 98 2 95 30 58 53 84 27 3 11 29 88 97 15 69 30 69 38 62 52 59 81 93 5 97 4 29 56 71 29 14 21 88 72 88 37 93 3 30 71 13 71 55 11 25 65 69 41 44 29 36 80 96 92 44 81 45 51 87 85 88 35 25 41 58
46 39 85 69 38 7 65 28 75 87 41 74 69 77 52 21 21 100 36 39 80 38 50 59 0 21 70 54 73 98 76 33 46 38 59 35 10 37 35 65 65 2 100 63 29 40 75 21 10 38 12 41 87 49 26 72 0 40 70 9 41 8 12 33 61 58 100 3 96 50 75 40 28 40 43 62 84 67 56 43 2 0 76 1 73 46 41 17 60 73 91 35 20 6 100 93 88 11 90 36
65 69 56 94 34 34 94 47 64 21 73 92 66 22 42 64 32 56 38 38 98 68 85 13 35 14 29 27 46 84 80 96 71 32 32 87 6 73 11 59 24 82 88 88 88 75 67 96 71 36 20 5 73 58 22 20 50 50 32 97 11 7 9 74 75 2 72 46 4 6 21 66 84 68 35 34 17 51 42 46 6 24 95 81 26 99 74 22 51 87 92 96 14 3 67 69 43 59 29 37
95 45 95 47 19 95 86 13 55 45 33 43 86 45 54 18 6 27 90 57 24 77 49 55 26 24 95 55 77 79 59 13 53 13 72 3 56 66 77 37 2 96 85 43 97 21 96 39 34 80 8 20 9 44 59 4 87 1 12 68 63 59 84 100 57 58 79 34 68 18 50 21 42 18 55 62 70 4 31 84 43 61 27 33 90 37 40 35 78 94 61 65 4 88 71 83 60 45 39 39
46 100 14 65 4 32 1 32 13 81 3 94 6 95 3 36 96 55 1 65 20 97 81 72 26 81 22 86 38 18 31 53 83 74 79 38 48 50 34 44 82 93 54 85 15 10 71 34 68 92 85 36 55 25 64 56 70 53 55 83 72 56 56 50 62 18 0 18 26 37 60 51 36 58 91 13 89 22 47 19 30 65 78 66 99 71 11 25 26 31 50 35 88 80 4 50 29 22 15 79
6 17 81 78 69 53 71 15 12 81 15 4 42 80 71 72 44 30 53 37 6 1 38 94 79 55 67 53 77 68 74 9 60 60 85 48 12 64 62 84 91 58 84 56 69 38 36 80 92 98 4 57 87 77 1 81 85 51 33 70 89 59 31 70 58 71 3 42 97 79 32 90 96 13 49 7 26 8 33 56 24 44 82 26 45 55 29 77 20 10 13 76 55 100 97 52 1 62 45 61
11 17 7 63 21 12 83 78 56 32 61 47 68 77 96 0 49 61 90 65 36 56 97 100 43 1 66 62 13 31 86 78 81 9 81 72 86 14 75 89 13 3 83 98 30 12 20 8 85 4 100 100 69 93 41 4 98 12 68 49 71 22 59 4 23 66 55 11 76 35 70 17 78 2 73 72 33 14 80 34 3 53 89 30 4 94 6 58 84 89 36 35 87 37 39 54 15 39 12 84
20 6 67 21 10 3 65 11 3 72 54 19 31 47 33 60 34 22 95 4 64 31 100 35 56 0 82 25 80 64 24 25 77 58 11 88 50 26 40 50 65 11 17 67 69 41 5 20 36 57 100 85 69 97 81 78 68 4 30 60 38 10 51 74 43 57 21 12 30 30 96 97 97 68 1 51 72 87 60 99 93 6 26 88 55 65 10 41 32 72 86 78 26 72 32 3 87 91 79 33
10 68 78 97 65 0 75 95 61 53 21 65 25 26 80 11 56 98 54 11 36 20 27 7 52 85 22 54 76 93 18 17 92 30 41 88 68 42 20 21 40 74 65 33 38 87 73 9 55 87 69 69 69 85 31 11 66 89 68 9 0 28 58 53 4 91 34 0 4 34 89 58 59 14 29 82 99 79 56 69 26 72 24 22 3 51 41 14 4 69 92 28 42 71 75 44 73 100 48 15
10 8 27 21 70 4 94 99 36 87 84 88 19 23 22 44 40 47 63 50 65 38 76 92 80 64 69 27 36 100 75 0 99 80 8 18 74 9 18 10 14 96 16 51 62 49 58 44 25 77 93 97 85 65 24 58 18 29 32 83 92 5 9 20 35 0 49 47 3 31 29 17 85 28 88 27 14 84 83 35 7 86 28 69 14 50 29 23 44 87 27 16 9 35 0 81 26 33 74 42
8 26 6 42 30 90 34 63 21 65 57 87 61 65 93 63 38 92 62 69 77 36 35 12 50 31 92 62 0 63 95 62 59 36 59 40 3 8 40 39 51 52 55 32 52 26 22 59 64 1 41 81 31 24 62 83 69 51 68 89 24 34 2 30 10 83 93 13 34 51 76 52 95 95 45 39 86 63 23 42 39 23 61 90 98 35 31 47 57 19 36 4 25 58 36 39 16 54 4 50
82 36 59 60 62 83 19 91 57 84 36 34 37 100 31 89 9 81 79 25 66 75 81 20 17 85 79 97 75 42 49 35 53 79 48 80 36 76 74 50 85 9 31 12 59 72 20 4 56 81 4 78 11 58 83 12 73 92 2 93 21 6 26 35 13 9 43 31 42 36 85 85 94 21 87 5 24 31 9 87 41 30 59 57 15 61 44 77 62 16 55 95 33 40 96 94 64 29 66 10
18 9 92 6 57 45 44 91 16 6 85 72 86 15 16 19 30 83 100 47 27 2 72 52 61 90 41 30 23 6 14 78 94 48 27 34 34 73 23 38 34 44 91 27 81 0 50 87 70 85 98 68 66 18 69 73 17 44 18 24 7 85 100 31 80 45 20 0 77 39 38 84 22 7 48 74 15 52 92 90 34 74 42 52 52 71 61 74 69 55 6 69 20 20 60 85 36 83 43 33
53 40 20 70 31 44 90 65 12 13 95 89 97 25 73 94 61 32 14 7 30 48 100 71 54 35 38 17 89 78 32 9 84 60 80 41 24 57 75 36 47 0 15 10 93 40 50 1 53 51 12 4 89 29 51 92 44 4 4 46 59 61 95 92 35 34 85 89 23 35 18 7 48 91 79 73 96 90 90 87 88 78 38 14 56 90 46 21 18 17 44 79 33 38 0 80 25 71 26 46
89 1 56 63 81 58 88 5 78 48 91 89 59 78 46 70 64 73 4 65 88 80 56 13 82 88 32 8 80 62 94 87 18 78 33 85 63 52 98 0 62 91 36 68 5 70 32 12 55 33 68 30 68 32 68 2 18 4 56 94 45 94 42 18 42 90 89 99 0 56 61 54 32 15 93 70 89 26 23 65 51 72 21 60 24 6 43 81 36 28 92 5 47 87 16 11 60 21 22 35
48 44 10 77 42 87 55 2 71 72 51 83 33 49 11 41 26 25 60 62 97 30 45 72 3 0 59 28 80 24 69 39 12 79 11 85 92 83 100 42 66 84 87 9 97 9 97 68 83 70 49 60 9 83 89 93 24 46 94 80 10 100 57 94 62 55 80 24 64 68 10 29 4 40 35 10 60 76 0 36 21 78 88 47 30 56 64 4 23 75 43 20 39 41 8 49 89 95 70 48
85 39 66 52 7 33 61 56 12 14 14 70 61 97 91 64 60 22 0 34 37 80 61 53 89 77 32 24 37 72 11 31 13 3 21 63 46 19 66 19 16 67 61 24 4 41 11 63 72 89 71 38 0 92 24 21 7 59 45 10 87 84 65 7 90 71 74 86 76 83 73 51 76 80 10 45 8 20 60 63 88 41 55 15 86 69 24 23 65 11 96 19 69 83 53 15 5 72 59 61
45 9 1 46 98 56 99 49 25 73 77 88 66 75 20 76 63 84 12 87 52 65 76 88 81 96 67 14 69 93 77 92 48 76 42 70 93 35 98 60 80 42 90 6 29 8 7 59 56 59 22 10 28 5 34 6 85 61 94 100 84 81 90 1 47 86 52 76 63 84 4 5 5 47 75 68 32 62 16 75 99 20 46 55 64 16 2 93 73 33 91 64 10 52 50 0 23 85 89 9
79 65 50 16 57 43 5 62 72 54 100 68 16 90 13 86 1 97 68 43 23 96 63 4 77 3 34 12 43 64 95 21 2 81 76 79 60 20 92 61 97 63 14 94 56 12 9 84 56 31 59 51 58 9 2 26 100 95 42 57 65 90 34 72 61 60 5 83 60 62 81 6 53 30 76 27 96 12 32 77 74 26 86 89 55 13 70 93 75 8 39 54 35 97 22 79 96 68 73 82
85 27 55 59 94 54 66 22 25 30 77 15 1 83 6 11 43 7 88 42 72 6 12 66 19 15 16 86 48 8 55 36 42 53 27 3 44 46 33 23 39 46 9 21 71 33 74 100 50 70 4 74 53 20 30 35 31 92 18 94 7 1 72 59 81 66 65 67 31 83 87 35 50 92 22 66 25 21 50 25 14 82 74 58 77 59 38 35 47 36 62 83 64 48 49 15 53 61 87 21
7 71 49 92 88 38 15 37 63 86 3 51 15 94 96 67 4 70 60 30 85 27 37 90 81 73 51 3 72 63 51 61 94 19 49 16 52 40 70 95 91 86 79 71 29 61 75 57 62 58 23 43 4 35 10 13 80 35 42 62 90 47 61 81 50 73 89 2 32 97 27 40 38 19 100 92 3 66 29 30 8 25 82 42 16 100 82 81 4 76 9 75 45 3 81 29 81 66 74 66
27 72 9 77 32 42 45 54 91 42 29 78 47 70 42 22 39 92 29 27 30 44 28 28 8 46 11 36 35 60 69 20 10 28 53 99 73 90 35 62 7 87 46 31 14 58 2 58 18 71 66 57 91 0 83 9 45 34 90 55 71 86 60 66 73 21 69 27 48 14 94 72 39 63 74 76 38 100 98 97 71 56 17 98 5 24 74 70 24 82 31 70 37 35 24 18 55 18 78 94
31 31 4 64 15 20 5 20 88 88 18 0 62 77 40 77 60 68 44 64 85 88 95 89 54 5 88 96 44 15 9 15 100 19 55 28 79 28 90 79 7 26 79 77 21 100 72 79 0 3 55 21 34 49 93 43 20 85 89 80 74 52 5 65 89 69 77 97 60 74 79 36 22 38 29 32 61 70 92 28 49 20 42 65 97 1 67 1 29 78 97 33 35 90 62 13 70 43 15 69
56 53 1 5 15 2 22 14 81 49 68 43 5 58 15 27 65 0 24 11 32 62 1 15 24 64 10 20 40 24 36 62 47 42 7 93 11 66 14 70 77 30 35 49 88 3 46 34 18 42 11 12 0 47 13 31 0 89 99 24 86 76 83 67 2 27 97 61 10 95 15 7 81 58 99 50 34 77 92 63 67 26 68 95 19 96 45 92 84 19 75 47 61 79 43 82 46 70 12 64
17 80 71 51 14 31 20 49 80 77 15 61 73 67 74 92 86 35 34 0 52 28 47 98 56 50 17 2 96 68 44 24 85 41 87 4 97 96 26 54 0 17 40 16 72 96 4 68 26 97 76 30 4 3 34 42 77 23 0 64 76 63 60 31 32 48 60 10 83 80 18 11 24 4 73 17 96 17 23 14 3 74 33 64 52 18 9 74 31 81 1 79 37 29 32 47 65 41 96 47
50 21 77 44 70 6 34 98 67 57 88 21 11 31 5 64 91 29 99 49 77 79 34 31 63 29 2 31 87 31 40 78 57 4 37 1 45 1 69 87 49 33 75 32 88 50 6 18 37 79 35 30 34 31 51 36 39 35 56 68 83 84 62 83 97 14 74 95 80 6 63 68 91 26 6 72 22 48 83 23 9 86 38 8 69 2 45 53 37 46 57 34 59 82 48 89 41 23 5 66
99 4 94 63 62 11 96 92 0 99 41 50 34 85 27 41 55 45 35 32 59 44 58 28 18 88 49 74 100 27 25 92 72 0 67 7 47 7 23 33 82 60 60 50 37 75 21 50 60 32 70 96 89 29 76 85 38 18 61 10 73 4 81 87 27 94 79 15 18 63 35 54 71 24 100 56 8 70 2 59 4 49 83 97 71 25 100 31 65 22 20 72 44 67 12 45 53 66 71 11
67 46 44 62 76 54 65 94 22 57 35 59 34 51 28 75 69 44 5 72 32 26 83 74 9 50 9 28 43 99 35 79 86 42 87 40 77 97 42 53 86 23 43 72 93 40 66 21 51 90 17 97 58 17 52 85 84 7 54 29 51 5 6 35 40 72 36 7 11 68 54 93 55 60 98 56 98 72 77 14 42 23 86 77 86 10 70 36 41 23 79 32 73 55 65 74 28 15 55 88
85 40 43 1 98 23 57 70 41 61 8 6 49 27 70 25 62 25 56 65 50 80 70 2 18 14 40 54 56 61 25 94 22 24 0 57 59 36 4 54 49 62 84 30 3 28 84 42 36 96 78 97 59 85 95 94 22 48 32 4 76 5 53 50 38 39 22 81 24 91 71 55 16 26 58 40 71 77 56 88 89 51 11 11 90 66 45 29 50 63 20 86 2 27 23 44 79 90 74 38
65 45 97 44 81 17 33 40 91 45 84 20 29 27 36 37 86 43 7 49 68 38 91 78 24 60 60 50 34 63 16 87 9 0 11 36 11 34 22 11 47 0 16 54 30 40 68 18 58 13 2 68 14 28 95 21 7 91 15 40 80 47 30 92 19 63 38 58 4 26 24 60 26 96 47 4 42 86 18 18 97 54 99 52 40 81 16 16 19 50 41 49 20 2 64 99 98 50 14 75
5 28 19 75 83 69 43 18 95 49 38 58 64 32 54 77 92 4 27 28 82 15 74 98 74 17 37 69 32 91 87 22 69 80 23 27 83 5 49 35 73 71 28 24 71 43 35 55 91 49 73 1 29 88 45 87 48 79 93 35 10 75 76 22 100 74 29 99 73 6 100 98 58 47 74 29 90 29 14 3 11 3 52 49 51 40 42 37 38 92 98 69 84 28 33 41 36 32 65 63
60 5 18 19 39 81 38 85 31 66 16 38 57 94 50 4 5 56 77 65 50 19 28 56 48 21 13 32 56 29 89 45 53 31 39 10 59 45 3 0 60 63 28 64 13 62 34 62 13 7 72 51 82 27 39 5 74 73 70 10 45 68 27 66 92 76 32 50 17 72 56 56 40 4 29 100 84 56 69 5 52 36 100 28 48 12 47 12 70 59 91 27 73 89 1 28 21 30 12 60
95 6 60 68 91 80 79 67 57 74 10 32 50 31 83 19 33 83 85 42 43 62 51 54 50 45 44 61 29 68 39 84 71 1 70 80 47 45 44 94 84 64 51 69 71 84 17 70 89 26 33 72 99 14 86 24 15 96 89 60 8 32 96 25 3 38 61 34 96 22 8 98 71 42 90 84 37 69 28 97 55 74 87 25 76 17 97 74 62 84 1 47 26 30 70 73 34 77 6 66
61 29 73 3 78 62 61 80 59 83 42 44 11 31 30 34 64 87 57 54 42 85 83 2 92 65 20 4 76 80 67 42 18 90 2 92 54 52 37 4 42 6 96 71 55 67 51 4 22 8 14 87 79 84 63 31 52 90 26 76 20 62 12 21 66 100 70 77 17 48 70 72 77 86 29 56 69 75 6 47 66 14 70 35 92 53 96 97 38 72 45 51 47 63 45 7 38 71 86 44
8 61 73 20 78 47 14 2 92 26 74 76 21 94 7 40 77 74 28 61 17 38 7 38 87 50 46 52 9 50 93 86 4 49 36 85 47 73 70 47 87 72 66 12 11 56 42 31 47 33 80 60 56 83 23 9 92 90 23 0 60 16 32 50 29 98 92 92 23 83 2 77 56 18 14 69 28 6 43 43 34 4 61 69 64 88 15 74 17 10 98 64 37 28 54 71 49 66 45 51
12 29 37 52 28 8 37 60 55 27 80 89 75 73 48 25 52 26 84 24 73 76 79 4 0 100 24 94 89 40 95 0 52 61 19 61 40 40 82 59 51 66 54 34 25 43 46 84 19 56 34 99 69 35 42 87 90 87 65 36 63 75 77 25 30 97 28 63 14 23 59 14 88 18 3 5 97 47 43 19 48 45 18 54 73 56 4 94 5 76 48 24 46 41 49 65 53 48 81 96
1 91 56 2 26 48 72 44 3 95 25 68 34 69 30 24 70 86 27 30 52 54 41 85 100 52 55 91 24 86 17 92 30 46 48 15 14 51 79 48 34 84 63 16 65 2 6 43 30 24 3 93 26 7 39 41 34 88 51 21 88 99 74 14 8 71 49 67 3 9 4 42 89 97 11 52 55 66 34 48 66 87 34 53 88 18 35 19 9 20 60 23 69 89 2 100 29 33 24 25
51 96 32 68 40 30 78 96 36 80 64 16 33 48 25 39 1 84 72 62 69 44 66 53 30 65 24 47 85 29 78 95 59 52 51 35 49 21 49 18 48 50 84 27 69 0 24 61 65 44 53 6 72 86 23 30 74 78 72 78 41 20 26 82 25 56 20 26 74 86 49 23 51 54 3 36 74 14 4 45 87 53 77 58 30 99 24 95 87 6 78 3 36 45 51 52 49 33 5 33
57 58 40 75 56 8 84 41 25 100 0 9 87 39 21 33 55 30 72 100 83 18 38 68 45 12 16 86 13 54 50 40 16 33 32 53 50 39 38 15 13 4 23 41 41 76 95 27 78 82 89 26 24 28 61 59 42 38 21 88 55 46 86 74 82 17 42 68 33 38 83 86 11 99 52 100 87 70 61 18 34 77 83 60 63 65 14 93 92 30 75 29 28 44 28 61 47 0 97 56
7 65 57 48 39 14 11 59 63 49 58 95 20 19 95 51 53 37 16 33 99 97 20 18 82 60 37 16 36 11 61 28 17 87 98 30 98 18 50 78 74 11 84 74 44 1 81 33 66 26 30 88 22 69 90 57 52 14 60 47 15 55 89 58 42 98 65 95 64 8 97 77 11 52 49 28 25 35 69 54 53 58 60 28 41 80 2 42 6 46 52 8 38 78 49 87 54 18 77 65
52 91 98 39 47 91 6 3 33 20 68 80 37 11 47 81 92 66 50 7 49 77 40 4 43 20 68 26 58 6 91 28 12 21 78 45 75 93 23 91 13 77 68 17 29 73 26 90 99 45 4 55 3 14 98 15 52 56 24 30 86 64 55 77 16 5 97 19 52 69 71 86 90 40 51 48 76 92 64 73 88 30 63 41 93 18 24 59 37 6 65 0 59 31 19 43 62 9 2 71
35 89 2 84 4 14 60 42 17 24 74 6 43 80 31 98 20 4 70 26 82 39 44 25 76 11 44 6 15 18 59 78 50 94 4 20 42 37 76 73 40 18 47 75 36 46 99 37 71 55 94 65 51 50 35 61 71 90 6 56 69 16 13 59 100 24 1 96 18 2 25 10 66 81 40 12 17 53 88 56 18 99 65 80 18 29 99 62 9 26 4 66 19 32 12 29 15 7 17 2
55 7 21 9 83 100 2 51 21 50 97 19 97 96 88 24 7 61 69 47 5 86 2 36 45 44 55 69 26 23 56 85 43 94 93 97 77 45 8 23 78 52 87 38 80 41 74 40 11 29 6 10 41 29 31 44 61 46 43 64 24 2 70 38 82 74 67 45 9 45 100 70 45 16 42 47 97 96 15 4 35 24 14 2 24 99 7 50 85 20 8 63 2 64 88 18 82 94 10 41
88 82 72 13 36 69 21 35 83 56 72 79 29 1 7 24 66 21 43 82 2 67 4 37 83 25 90 54 41 92 94 40 65 36 26 14 58 85 99 83 50 26 64 71 96 17 22 35 25 77 58 41 14 23 47 77 74 21 81 4 23 93 93 35 81 70 1 92 74 53 31 36 29 16 37 12 74 97 74 94 19 95 93 42 59 62 50 87 46 6 16 77 26 54 39 11 66 92 37 31
75 72 66 59 18 9 91 71 7 37 1 11 89 74 13 86 86 18 71 0 10 8 2 40 6 26 27 70 38 51 50 87 2 50 98 25 83 16 18 1 38 12 93 8 92 60 51 78 26 20 84 32 4 44 57 62 69 18 36 23 65 73 75 47 4 24 29 84 31 37 65 41 50 19 38 70 62 38 17 5 9 87 92 6 37 9 85 46 39 10 58 51 70 74 90 9 32 4 30 69
37 94 35 6 2 38 21 39 29 43 19 65 23 15 8 84 3 49 73 10 98 79 59 42 9 55 80 68 51 36 8 91 26 70 60 73 58 51 18 94 31 12 74 70 44 73 87 94 31 10 89 72 69 87 19 16 55 17 28 75 11 33 8 36 76 82 78 19 81 46 22 23 63 50 92 59 84 72 10 76 20 6 30 46 6 26 20 6 10 22 66 23 39 50 55 51 15 2 67 96
11 55 25 93 26 7 38 45 68 80 68 10 72 95 18 61 78 36 33 34 46 31 47 6 9 35 84 42 64 86 100 86 70 86 93 11 25 69 46 100 54 84 45 67 81 91 92 61 50 13 36 86 92 27 36 55 6 44 92 43 96 91 39 62 9 31 97 75 1 57 20 79 20 41 98 91 1 45 98 48 60 78 75 52 65 4 8 16 58 66 3 22 65 81 20 50 66 19 5 9
60 98 53 85 50 29 89 10 53 15 20 59 54 66 84 73 84 74 31 72 1 65 60 33 8 70 46 15 7 83 22 33 68 24 77 12 1 100 91 46 98 52 47 45 45 35 96 65 35 76 35 78 28 16 4 95 69 79 5 20 19 64 54 83 75 70 33 47 79 34 72 32 86 49 69 27 47 51 64 24 23 3 29 8 0 66 63 77 51 23 22 67 36 86 56 2 66 59 66 60
35 21 42 80 31 43 40 40 54 0 69 31 70 23 89 9 37 42 80 22 34 69 18 44 15 5 1 32 36 87 8 51 98 86 18 96 40 66 77 96 72 81 17 15 51 20 14 4 88 55 87 26 42 9 25 33 20 33 47 39 69 10 35 64 45 37 35 61 37 59 44 73 2 20 84 73 26 47 37 46 69 36 28 38 59 19 2 26 70 39 65 36 21 64 5 25 54 75 86 17
74 66 26 57 87 63 53 78 59 1 90 15 92 75 96 17 42 44 30 63 9 55 54 33 95 44 55 100 81 21 1 39 89 51 37 40 53 37 100 22 83 29 36 17 87 6 3 88 80 100 37 72 71 35 58 40 20 38 87 41 83 52 97 48 3 35 90 79 29 82 67 55 27 2 28 89 30 63 28 41 89 45 44 78 31 32 64 54 74 50 81 86 64 53 70 51 32 67 52 72
43 1 98 33 85 72 34 81 76 69 5 75 25 28 8 5 43 73 29 92 68 8 97 78 17 48 33 11 17 78 40 32 58 93 27 19 42 38 29 15 84 41 41 41 85 100 67 71 4 97 39 32 75 0 36 96 60 0 16 8 53 50 22 49 81 24 62 43 32 48 12 65 23 64 33 1 70 45 54 49 2 51 28 49 19 12 88 39 90 55 20 56 5 70 82 30 6 5 64 57
53 46 69 58 58 14 91 4 52 33 84 26 78 74 50 57 0 26 86 3 11 19 83 16 34 18 97 81 32 33 82 27 88 11 61 60 26 53 75 29 21 87 26 61 88 93 69 83 50 52 54 3 44 81 39 94 85 80 11 49 15 0 79 15 29 18 13 82 47 89 45 74 44 99 41 28 73 7 71 65 100 52 61 87 43 29 18 11 9 51 50 2 25 51 30 44 91 91 5 60
51 83 30 61 92 13 0 39 17 26 80 33 52 12 93 50 36 23 42 15 5 26 41 25 24 78 72 29 55 54 72 60 33 62 64 64 94 23 28 74 99 10 32 36 35 88 43 60 29 1 15 87 73 26 16 64 36 25 60 89 5 23 96 53 81 55 70 46 65 41 53 28 79 98 36 21 34 38 49 53 29 49 47 54 62 15 82 66 32 15 66 66 54 32 6 91 51 8 2 52
27 99 8 48 46 87 52 11 66 9 8 46 51 93 30 12 16 62 0 2 57 21 22 84 41 21 82 58 32 9 100 59 4 5 17 58 8 21 25 78 33 52 51 89 25 11 59 45 22 62 39 91 100 33 54 29 83 71 21 95 72 85 68 61 66 18 43 70 41 23 66 15 90 50 32 30 77 71 66 48 33 33 0 18 9 7 94 92 4 2 19 59 75 67 5 91 8 87 93 68
29 44 76 28 22 26 80 3 9 1 58 89 84 35 82 45 44 68 4 46 28 67 5 52 42 0 59 78 63 81 53 96 63 41 94 90 57 14 54 50 46 88 30 89 41 90 29 39 15 45 12 79 48 74 4 66 43 26 22 70 59 89 73 87 74 78 15 12 96 5 71 55 74 14 65 12 6 86 45 81 24 5 97 77 2 17 10 37 30 67 5 66 86 52 64 5 2 93 10 82
63 5 23 68 38 53 26 10 24 86 72 35 43 54 72 71 36 81 24 79 2 91 90 86 93 92 85 50 34 45 49 34 60 97 43 63 27 39 29 24 79 80 15 67 58 36 37 39 79 61 84 33 15 42 50 10 33 46 35 48 61 9 82 21 66 94 69 64 47 66 11 88 38 75 63 60 66 44 51 96 25 33 56 65 71 2 41 31 69 96 9 60 17 72 57 60 52 68 82 98
